Latitude,Longitude
36.9696769,-121.9644636
36.9696996,-121.964444
36.97287,-121.9648274
36.9839647,-121.9453573
36.9329325,-121.8157239
36.9183014,-121.7821749
36.9161762,-121.7746789
36.9163594,-121.7711728
36.9114946,-121.7584774
36.9107258,-121.7585293
36.9109374,-121.758094
36.9106507,-121.7584836
36.9113917,-121.7580741
36.9107894,-121.7585128
36.9106395,-121.75833
36.909013,-121.7620211
36.8997799,-121.7657646
36.9169492,-121.7883785
36.9356746,-121.8237857
36.9548666,-121.8563591
36.9752821,-121.8873792
36.9823906,-121.9203481
36.9841326,-121.9412057
36.9829631,-121.9616246
36.9819706,-121.9645689
36.9811152,-121.9699982
36.9794769,-121.9708757
36.9810913,-121.96504
36.9787257,-121.9701329
36.977876,-121.9703987
36.9748069,-121.9692104
36.974202,-121.9687658
36.9745135,-121.967527
36.9787029,-121.9649969
36.9809649,-121.9648159
36.9834724,-121.9296342
36.9701932,-121.8731161
36.9332914,-121.8171
36.9187191,-121.7849323
36.9168896,-121.7772716
36.9156594,-121.7748195
36.9152818,-121.7647302
36.9112224,-121.7587299
36.9110435,-121.7584205
36.9108726,-121.7581191
36.9107069,-121.7584265
36.911054,-121.7584692
36.9104681,-121.7585667
36.9110453,-121.7582344
36.9109014,-121.7583938
36.9106378,-121.7584369
36.9104873,-121.7586297
36.9111953,-121.7582397
36.9105384,-121.7585877
36.9158673,-121.768459
36.9169955,-121.7757337
36.9106695,-121.7584832
36.910269,-121.7590987
36.9112347,-121.7612869
36.9159153,-121.7675085
36.9178148,-121.7783698
36.9166229,-121.7722529
36.9151728,-121.7643404
36.9113,-121.7580115
36.9108368,-121.7583056
36.9107472,-121.7584047
36.910907,-121.7582237
36.9109177,-121.7583206
36.9108408,-121.7583174
36.911045,-121.7583182
36.9105635,-121.7600401
36.9006574,-121.7645956
36.8994695,-121.7771367
36.950071,-121.8513819
36.9731488,-121.8802683
36.9884047,-122.0048907
36.9809542,-122.0291
36.975791,-122.0261458
36.9747951,-122.026151
36.973962,-122.0261432
36.9727096,-122.0257629
36.9719482,-122.0256246
36.9749361,-122.0263587
36.9752095,-122.0254834
36.981827,-122.0293476
36.9888395,-122.0178399
36.9848146,-121.9776873
36.9857806,-121.9642201
36.9859275,-121.963541
36.9859935,-121.9635038
36.985968,-121.9634968
36.9859316,-121.963549
36.9861861,-121.9635072
36.9862768,-121.963556
36.9863006,-121.9634377
36.9863709,-121.9634741
36.9858693,-121.9641535
36.9846326,-121.9650407
36.9838529,-121.9370726
36.9748818,-121.8970094
36.9589636,-121.8611638
36.9372557,-121.8304227
36.9171658,-121.7757051
36.9146613,-121.761228
36.9107559,-121.7583091
36.9105764,-121.758558
36.9106332,-121.7585164
36.9112855,-121.7581739
36.9111046,-121.7582995
36.9111605,-121.7583402
36.910708,-121.7581661
36.9107452,-121.7585765
36.9105599,-121.759828
36.9061455,-121.7662568
36.8837742,-121.7965218
36.9022722,-121.8243811
36.9379648,-121.8584634
36.9507949,-121.8674492
36.9584183,-121.8839517
36.9695851,-121.8951387
36.9717844,-121.9012521
36.9745614,-121.9096255
36.9833186,-121.9369913
36.9728463,-121.9507869
36.9680297,-121.9624575
36.9694623,-121.9644592
36.9694074,-121.9644582
36.9694111,-121.9645108
36.9703228,-121.9649055
36.9733876,-121.9667954
36.9735786,-121.9666537
36.9734619,-121.9666645
36.973411,-121.9667728
36.9734288,-121.966738
36.9733906,-121.9665854
36.9733614,-121.9666358
36.9734428,-121.9667046
36.9735693,-121.9667606
36.973504,-121.9669743
36.9734102,-121.9666933
36.9765459,-121.9648948
36.9818923,-121.9644508
36.9871709,-121.9864509
36.9861302,-122.0248462
36.9842403,-122.0302914
36.9710185,-122.0364003
36.962908,-122.0435639
36.9590752,-122.0456308
36.9595194,-122.0459411
36.9623964,-122.0441562
36.9630741,-122.0432512
36.9679485,-122.0426085
36.9999822,-122.0623429
37.0008203,-122.0624729
37.0007812,-122.0629563
37.0000822,-122.0622037
36.9979148,-122.0552457
36.9856601,-122.0536314
36.9717924,-122.0482692
36.9653475,-122.0384486
36.9640553,-122.0398951
36.961675,-122.041384
36.9603332,-122.0433464
36.9591811,-122.044705
36.962826,-122.043568
36.9691477,-122.0375439
36.9843647,-122.0296085
36.9881131,-121.9978432
36.9857012,-121.9820486
36.9810818,-121.9658434
36.9757495,-121.9650215
36.9694789,-121.9649524
36.9734792,-121.9648834
36.9799736,-121.9649305
36.9856194,-121.9642636
36.9861672,-121.9634893
36.9856455,-121.9642204
36.98316,-121.9647391
36.9838485,-121.9335265
36.97271,-121.8798366
36.9307355,-121.8086044
36.9155899,-121.7663348
36.9108714,-121.7589448
36.9113835,-121.758081
36.910885,-121.7584533
36.9109601,-121.7584084
36.9107204,-121.7583538
36.9106391,-121.7584321
36.9109399,-121.7583621
36.9110898,-121.7584609
36.9109749,-121.7583798
36.9101483,-121.7592646
36.9107851,-121.7585566
36.9074247,-121.7611438
36.8954363,-121.7739911
36.9259764,-121.7990834
36.9402706,-121.8365945
36.9639393,-121.865802
36.9757839,-121.9059589
36.9842209,-121.9464627
36.9837299,-121.9644159
36.9775767,-121.9650542
36.9706167,-121.9650274
36.9634626,-121.9669632
36.9632518,-121.9694491
36.963454,-121.9709269
36.9629251,-121.9889698
36.9679764,-122.0011679
36.9675581,-122.0130925
36.9693679,-122.0238858
36.9681008,-122.0429825
36.9710027,-122.0477912
36.9782819,-122.0574039
36.9971661,-122.0637891
37.0005452,-122.0624259
37.0007821,-122.062906
37.0007784,-122.0624636
37.000175,-122.0619182
36.9998229,-122.0589607
36.9866171,-122.054254
36.978507,-122.0542211
36.9653273,-122.041308
36.9629994,-122.0432477
36.9618462,-122.0444142
36.9627813,-122.0436532
36.9865393,-122.0322759
36.9864236,-122.0323116
36.9857792,-122.0320648
36.9854583,-122.0300744
36.9883384,-122.008746
36.9881401,-121.9983415
36.9873026,-121.9877314
36.984974,-121.9785299
36.9844036,-121.9761668
36.9828109,-121.967432
36.9834249,-121.9550639
36.9823457,-121.9220587
36.9753581,-121.9027125
36.9716246,-121.8765217
36.9102027,-121.7586186
36.9109093,-121.7583137
36.9109535,-121.7581819
36.9104805,-121.7583878
36.9110904,-121.7590821
36.905131,-121.7677401
36.8937767,-121.7830764
36.8877607,-121.8042364
36.9056901,-121.8270676
36.9229202,-121.8412463
36.9347655,-121.8597517
36.9486448,-121.8633469
36.9518221,-121.871173
36.9587028,-121.8842555
36.971191,-121.8964006
36.9729924,-121.9031986
36.974594,-121.9042187
36.9766289,-121.91205
36.983555,-121.9313117
36.9769394,-121.9447934
36.9725559,-121.9528966
36.9680615,-121.9613592
36.9696295,-121.9646096
36.9706572,-121.9648657
36.9826472,-121.9619241
36.982659,-121.9233417
36.974776,-121.8856672
36.9494302,-121.8510682
36.9315363,-121.8112578
36.91842,-121.7830735
36.9162956,-121.7701007
36.9111568,-121.7591092
36.9110547,-121.7579341
36.9110668,-121.7584152
36.9108259,-121.7582148
36.9109891,-121.7582692
36.9108423,-121.7583481
36.910804,-121.7583683
36.9103997,-121.7585548
36.9095726,-121.7612062
36.9056378,-121.7584834
36.8953152,-121.7734991
36.9227024,-121.7937272
36.9381077,-121.8312642
36.9647122,-121.8665568
36.9777283,-121.9096039
36.9839462,-121.9497336
36.9863324,-121.9828848
36.9888282,-122.0228854
36.9845529,-122.0296218
36.9680516,-122.0384365
36.9671639,-122.0396234
36.9626741,-122.0437667
36.9623309,-122.043542
36.9637794,-122.042996
36.9648248,-122.0420398
36.9663287,-122.0407134
36.9686886,-122.0448672
37.0008989,-122.0629868
37.0008026,-122.0623157
36.9998939,-122.0621255
36.9994022,-122.0644027
36.9896305,-122.0675317
36.9775259,-122.0583644
36.9656935,-122.0565129
36.9598448,-122.0582659
36.9598396,-122.0572504
36.9556876,-122.0481492
36.957528,-122.0428768
36.958505,-122.0422926
36.960351,-122.042473
36.9616364,-122.042115
36.9625189,-122.043623
36.9682153,-122.0381792
36.9806809,-122.0322163
36.9854466,-122.0259661
36.9881286,-121.998416
36.9879645,-121.993674
36.987358,-121.9882649
36.9869371,-121.9857076
36.9856207,-121.9806302
36.9838968,-121.9738641
36.9798832,-121.9649997
36.9696127,-121.9645731
36.9730894,-121.964887
36.9793228,-121.9648812
36.9827418,-121.9613964
36.9839373,-121.9442142
36.9782626,-121.9110723
36.9686035,-121.8709973
36.9409237,-121.8390055
36.9233538,-121.7952852
36.9166992,-121.7730174
36.9126422,-121.7594214
36.910812,-121.7585768
36.9107824,-121.7583627
36.9108272,-121.758404
36.9107282,-121.7577245
36.9110031,-121.7584549
36.9103965,-121.7590549
36.9105088,-121.7599962
36.9069585,-121.7604635
36.8993224,-121.7770927
36.9294016,-121.804856
36.9427396,-121.8410521
36.9463366,-121.8463612
36.949488,-121.8505772
36.951875,-121.8532308
36.9542005,-121.85561
36.9561133,-121.8576195
36.9516151,-121.8687699
36.9548168,-121.8803876
36.9656729,-121.8910496
36.9727127,-121.8990727
36.9745892,-121.9076286
36.9810269,-121.9168538
36.9824414,-121.9375438
36.9736194,-121.9504177
36.9724542,-121.9530257
36.9678572,-121.9627408
36.9706315,-121.9648832
36.9816431,-121.9644818
36.9832591,-121.92731
36.9750804,-121.8865043
36.9541648,-121.8561128
36.9342647,-121.8203267
36.9254727,-121.7964162
36.9363519,-121.7792411
36.9411307,-121.7699412
36.940083,-121.76526
36.9361633,-121.7442237
36.9361297,-121.7447478
36.937322,-121.7490134
36.9378828,-121.771255
36.9350405,-121.7817851
36.9314935,-121.7879808
36.9316879,-121.787951
36.9317049,-121.787952
36.931374,-121.7879926
36.9301475,-121.776856
36.9204511,-121.7828785
36.9152452,-121.765896
36.9107647,-121.7585042
36.9107274,-121.7584045
36.9107269,-121.7584289
36.9107408,-121.758484
36.9131545,-121.7643256
36.9158857,-121.7674215
36.9223361,-121.7745614
36.930186,-121.768267
36.9351379,-121.7787114
36.9317267,-121.7878794
36.9315435,-121.7877304
36.9313909,-121.7880028
36.9245825,-121.7872376
36.9182464,-121.7818975
36.9145982,-121.7611234
36.9110198,-121.7582604
36.9109214,-121.7583499
36.9085646,-121.7625855
36.8964774,-121.7706353
36.9194934,-121.7899944
36.9494673,-121.8504388
36.9750069,-121.8858676
36.9840697,-121.9323627
36.988162,-121.9933459
36.9857023,-122.0257582
36.9629736,-122.0408858
36.9633517,-122.0415368
36.9646981,-122.0418625
36.966106,-122.0406804
36.9666895,-122.0404102
36.9717786,-122.0477855
36.9999527,-122.0577679
37.0000136,-122.0624747
37.0003482,-122.0636521
37.0008043,-122.062966
37.0008247,-122.0626496
37.0005867,-122.0634554
37.0008774,-122.0627168
36.9998342,-122.062229
36.969353,-122.046013
36.9672331,-122.0392064
36.9663766,-122.0403087
36.9649519,-122.0418051
36.9631682,-122.0412099
36.9617699,-122.0379577
36.9659352,-122.0351462
36.968879,-122.0275707
36.968813,-122.0194701
36.9661943,-122.0121489
36.9688092,-121.9978433
36.9712797,-121.9857173
36.9699607,-121.977554
36.9696564,-121.9645246
36.9696395,-121.964539
36.9696824,-121.9644544
36.9696582,-121.9645017
36.9663471,-121.9646908
36.9659062,-121.9649216
36.9672725,-121.9649491
36.9740226,-121.9648744
36.9809985,-121.9648162
36.954233,-121.8563083
36.9326226,-121.8148789
36.9185316,-121.7844077
36.9168576,-121.7749306
36.9133088,-121.7599446
36.9108423,-121.7584668
36.9109497,-121.7582732
36.910533,-121.7584294
36.9080348,-121.7620249
36.9045143,-121.780477
36.9342249,-121.8192601
36.9523638,-121.8539756
36.9751338,-121.8880166
36.9715221,-121.9650182
36.9701481,-121.9648941
36.9830393,-121.9608252
36.9818345,-121.9186992
36.9663874,-121.8687352
36.9221181,-121.7936144
36.9171672,-121.77615
36.9115504,-121.7587957
36.911044,-121.7582588
36.9111655,-121.7577937
36.9111518,-121.7582819
36.9111308,-121.7583149
36.9107436,-121.7583459
36.9109936,-121.758357
36.9108826,-121.7581959
36.9109638,-121.7580688
36.910922,-121.75827
36.9109691,-121.7583576
36.910616,-121.7588811
36.9101271,-121.7604559
36.9022884,-121.762159
36.9056941,-121.7811937
36.9314296,-121.8097812
36.9485944,-121.849565
36.9723885,-121.8783301
36.9798744,-121.913647
36.9839771,-121.9497205
36.9805798,-121.9650142
36.9761473,-121.9648647
36.973534,-121.9648009
36.9809345,-121.9649648
36.9850563,-121.9640276
36.9850628,-121.9640502
36.9854906,-121.964151
36.9853327,-121.9645435
36.98501,-121.977528
36.9890948,-122.0175106
36.9846759,-122.0294534
36.9776695,-122.0347101
36.9773387,-122.0545099
36.9896729,-122.0674786
36.9988523,-122.0644759
37.0012925,-122.0626041
37.0012186,-122.0630146
37.0012027,-122.062943
37.0010504,-122.0629242
36.9983651,-122.0642884
36.989673,-122.0675943
36.9773688,-122.055514
36.9657242,-122.0466251
36.9616749,-122.0449874
36.9622919,-122.044592
36.9701013,-122.0368574
36.9836854,-122.0308807
36.9714284,-121.876286
36.9219939,-121.7935942
36.9150477,-121.7619999
36.9108748,-121.7586721
36.9111573,-121.7578728
36.9107661,-121.7584013
36.9105681,-121.7583031
36.9114753,-121.7581532
36.9108684,-121.7581466
36.9111624,-121.758307
36.911027,-121.7583296
36.9102525,-121.7585385
36.9110926,-121.7583248
36.9110763,-121.7583387
36.911067,-121.7583082
36.9109618,-121.7583551
36.9112964,-121.7582928
36.9104656,-121.7600047
36.9156884,-121.7663706
36.9160208,-121.7750393
36.9153007,-121.7745421
36.9153688,-121.7755546
36.9154263,-121.7743867
36.9157621,-121.7751001
36.9162377,-121.7706638
36.9106544,-121.7584312
36.9106085,-121.7582788
36.9106648,-121.7583912
36.9106149,-121.757993
36.9105721,-121.7585175
36.9109491,-121.7582952
36.9106338,-121.7584263
36.9109237,-121.7583714
36.910468,-121.7586084
36.9109746,-121.7583071
36.9104707,-121.7570523
36.9102926,-121.7588094
36.9106191,-121.7584216
36.9111904,-121.7582372
36.9105165,-121.7586264
36.9109233,-121.7583849
36.9105894,-121.7582757
36.9086005,-121.7610566
36.9067517,-121.7648604
36.8973708,-121.7779385
36.896058,-121.8161644
36.9248565,-121.8450614
36.9361287,-121.8593945
36.9509553,-121.8640563
36.9520332,-121.877191
36.9588535,-121.8844183
36.9683984,-121.8937665
36.9698608,-121.8951116
36.9716206,-121.9017116
36.9745875,-121.9052468
36.9774641,-121.9120283
36.9827643,-121.9258839
36.9763564,-121.947688
36.9734559,-121.9505196
36.9726685,-121.9525501
36.9680408,-121.9618057
36.9700432,-121.964927
36.9762264,-121.9647963
36.9824474,-121.9627986
36.982109,-121.9196548
36.9728827,-121.8801464
36.9451705,-121.8453709
36.9324844,-121.8143206
36.9187202,-121.7852054
36.9151249,-121.7617996
36.9110423,-121.7577884
36.9111497,-121.758446
36.9108972,-121.7583111
36.9108036,-121.7584161
36.9108513,-121.7596058
36.9049396,-121.758461
36.8963651,-121.7750824
36.9250209,-121.7975249
36.9410803,-121.8382791
36.9680749,-121.8699744
36.9777341,-121.9097816
36.9839647,-121.9495419
36.9872762,-121.9869341
36.9862059,-122.0247714
36.984701,-122.0293598
36.9749019,-122.0339881
36.9670851,-122.0410194
36.9667962,-122.0406876
36.9738803,-122.0491599
36.9820232,-122.0511538
36.9951605,-122.0554363
37.0001686,-122.0625217
37.000867,-122.062525
37.0005088,-122.0620981
37.0001705,-122.0577729
36.9933145,-122.0553981
36.9813154,-122.0523053
36.9699312,-122.0467528
36.9673002,-122.0418716
36.9669464,-122.0410548
36.9692543,-122.0361569
36.9692277,-122.0245609
36.9666411,-122.0125065
36.9677231,-121.9987281
36.9720138,-121.9900819
36.9704258,-121.9804307
36.9702091,-121.9667048
36.9706311,-121.964883
36.9774937,-121.970521
36.9782621,-121.9669036
36.9826894,-121.9618219
36.9826066,-121.9227478
36.9728719,-121.8801045
36.9333074,-121.8173432
36.9175301,-121.7778482
36.9153577,-121.7656278
36.9109206,-121.7590229
36.9107757,-121.7583387
36.9105692,-121.757135
36.9105561,-121.7573436
36.9109245,-121.7582646
36.9107492,-121.75839
36.9026471,-121.7710618
36.887795,-121.7911288
36.8950725,-121.8141124
36.9168735,-121.8324396
36.9306739,-121.8584851
36.9450876,-121.8609369
36.9518566,-121.870883
36.9578523,-121.8833915
36.9705689,-121.8960906
36.9729085,-121.9027249
36.9740168,-121.9039312
36.9765573,-121.9120023
36.9836365,-121.935412
36.9785959,-121.9401214
36.9728665,-121.9523984
36.9681914,-121.9600028
36.9694233,-121.9642847
36.9699899,-121.9648221
36.9785659,-121.9648247
36.9826791,-121.9617147
36.9830037,-121.958442
36.9839279,-121.9403782
36.9748777,-121.9001122
36.9588118,-121.8608534
36.9370786,-121.8297749
36.9244519,-121.7970165
36.935882,-121.7798038
36.939594,-121.7632062
36.9359462,-121.7442872
36.9360914,-121.7447392
36.9361239,-121.7446555
36.9408723,-121.7686477
36.9404279,-121.7691784
36.9406571,-121.7678264
36.9341338,-121.7434211
36.9168609,-121.7513269
36.9109797,-121.7584362
36.9107396,-121.7584027
36.9107435,-121.7582683
36.9083702,-121.7624431
36.8995975,-121.7773581
36.9357161,-121.8239012
36.972455,-121.8785659
36.9831362,-121.9254758
36.9834423,-121.9549517
36.9882274,-121.9968765
36.9673355,-122.0392966
36.9672495,-122.0413901
36.9749541,-122.0517873
36.980104,-122.059311
36.992863,-122.0649527
36.9981402,-122.0641973
37.0007394,-122.0629955
37.0006497,-122.0621746
36.9997671,-122.058775
36.9891817,-122.0541752
36.9814261,-122.0521569
36.9768355,-122.0537166
36.9711711,-122.0480658
36.966976,-122.0413833
36.9667822,-122.0400729
36.9685681,-122.0305618
36.9691292,-122.0254202
36.9686001,-122.0147731
36.9671318,-122.0084811
36.9677112,-121.9985583
36.9720081,-121.9938821
36.9704756,-121.9808536
36.9701743,-121.9655065
36.9696984,-121.9645083
36.9709355,-121.9648248
36.9780345,-121.9648088
36.9849045,-121.9648666
36.9857376,-121.9642239
36.9855315,-121.9643127
36.9750247,-121.9010882
36.9196186,-121.7901372
36.9107535,-121.7586139
36.9112142,-121.7579281
36.9110171,-121.7582444
36.9107287,-121.7584255
36.910726,-121.7584305
36.9107391,-121.7585011
36.9107139,-121.7597083
36.9048121,-121.7587678
36.9081893,-121.7827958
36.9330174,-121.81542
36.9530453,-121.8545526
36.9754964,-121.8894337
36.9836079,-121.9292993
36.9830874,-121.9689774
36.9885276,-122.0091509
36.9847133,-122.0290788
36.9827465,-122.0278941
36.9835198,-122.0285729
36.9847813,-122.0273079
36.9880932,-121.9989703
36.9880658,-121.9932423
36.9869855,-121.9873815
36.9853247,-121.9792575
36.9836312,-121.9724231
36.9833383,-121.9554957
36.9839914,-121.9436764
36.9841195,-121.9345072
36.9810928,-121.9162453
36.9748906,-121.9009788
36.970735,-121.8735617
36.9373408,-121.830888
36.9184675,-121.7846341
36.917529,-121.7774456
36.9155971,-121.766468
36.9110012,-121.7577235
36.910582,-121.7585521
36.9107939,-121.7583653
36.9108287,-121.7583466
36.9107658,-121.758671
36.90472,-121.7586561
36.8917147,-121.7739521
36.867366,-121.7707852
36.8657114,-121.7710344
36.8576131,-121.7711977
36.8507343,-121.7711506
36.8273752,-121.7739677
36.8029623,-121.7838694
36.777779,-121.7747107
36.7568109,-121.7656623
36.729141,-121.7862051
36.6993758,-121.8036367
36.6627189,-121.8163247
36.631654,-121.8352472
36.6059248,-121.8611912
36.5839458,-121.8875131
36.5857944,-121.897605
36.5842241,-121.8973887
36.5840694,-121.8974335
36.5840041,-121.8970038
36.5851565,-121.8970624
36.5875841,-121.899071
36.5962779,-121.8936648
36.6008247,-121.8941216
36.6017794,-121.8955086
36.600188,-121.8942907
36.5999475,-121.8940124
36.5999023,-121.8876398
36.6001924,-121.8737257
36.6072983,-121.8564387
36.6111361,-121.8487808
36.6153347,-121.8421126
36.6153325,-121.8420648
36.6153467,-121.8418523
36.616318,-121.841908
36.6186256,-121.8506448
36.6107974,-121.8578303
36.6850944,-121.8079551
36.7928967,-121.7835578
36.8349861,-121.7710035
36.9082276,-121.760793
36.9116796,-121.7583608
36.9109202,-121.7580552
36.911501,-121.7579207
36.9110043,-121.7581678
36.9106292,-121.7577879
36.9106363,-121.7580115
36.9105568,-121.7581026
36.9105606,-121.7586231
36.9108653,-121.7583942
36.9101212,-121.7591303
36.9108113,-121.7583478
36.9031451,-121.7705307
36.890072,-121.788066
36.8918646,-121.8103252
36.9129086,-121.8302372
36.927536,-121.8505856
36.9419422,-121.8602791
36.9518611,-121.8708879
36.9588686,-121.8844388
36.9698273,-121.8953529
36.9730006,-121.9036111
36.9745748,-121.9081656
36.981444,-121.9180084
36.9823343,-121.937655
36.9733043,-121.9505303
36.9709061,-121.9547904
36.9687889,-121.964881
36.9694553,-121.964296
36.9694482,-121.9643607
36.9694802,-121.9643385
36.9695331,-121.9643867
36.9694704,-121.9642636
36.9773864,-121.9647685
36.9839918,-121.9478413
36.9713171,-121.875437
36.9327505,-121.8153487
36.9123364,-121.7591521
36.9105547,-121.758552
36.9108353,-121.7583782
36.9113035,-121.7581207
36.9109816,-121.7580922
36.9101907,-121.7589939
36.909843,-121.760877
36.8993451,-121.7667492
36.9218258,-121.7924109
36.9372478,-121.8285189
36.9698812,-121.8718839
36.9837255,-121.9520516
36.9850568,-122.0284815
36.9683831,-122.0438995
36.9755774,-122.0525905
36.9803793,-122.0593401
36.9991299,-122.0643392
37.000851,-122.0630582
37.000838,-122.0625351
37.0000397,-122.0620946
36.9999736,-122.0582788
36.9959444,-122.0553546
36.9828226,-122.0515437
36.9750341,-122.0525061
36.9681447,-122.043261
36.9669068,-122.0415389
36.9667992,-122.040133
36.9689726,-122.0266479
36.9732421,-122.0184148
36.9719408,-122.0080847
36.9676686,-121.9983005
36.9720098,-121.9911391
36.9704275,-121.9805309
36.9701953,-121.9731703
36.9696381,-121.9644998
36.9733863,-121.9647438
36.9852998,-121.9646504
36.9859725,-121.9636244
36.9859484,-121.9636422
36.9859642,-121.9635978
36.9854246,-121.9644166
36.9858387,-121.9637309
36.9837889,-121.9460962
36.9761143,-121.9068794
36.9736435,-121.8821123
36.9349935,-121.8227421
36.927122,-121.8017133
36.9180552,-121.780896
36.9167452,-121.7734579
36.9134706,-121.7601103
36.9105041,-121.7584021
36.9106454,-121.7584904
36.9108077,-121.7581319
36.910716,-121.7581203
36.9106788,-121.7582516
36.9106033,-121.7585263
36.9110155,-121.7583612
36.911068,-121.758317
36.9109877,-121.7584859
36.9109289,-121.758521
36.9107172,-121.7582794
36.9104932,-121.758491
36.9105366,-121.7599322
36.9038021,-121.7694227
36.9042238,-121.8260217
36.9226982,-121.8405682
36.9376862,-121.8586947
36.951105,-121.8679812
36.9554497,-121.8811523
36.9664692,-121.8919816
36.9730979,-121.8987463
36.974831,-121.906426
36.9815966,-121.9187075
36.9799092,-121.9387964
36.9742214,-121.9506039
36.9687728,-121.9576398
36.9674958,-121.9650177
36.972727,-121.9648849
36.9796265,-121.9649152
36.9833906,-121.9290332
36.9762334,-121.9072465
36.9331752,-121.8163734
36.9187712,-121.7851224
36.916948,-121.7746848
36.9125872,-121.7595085
36.9107245,-121.7583392
36.9111193,-121.7583271
36.9106679,-121.7585439
36.9106115,-121.7574317
36.910521,-121.7579391
36.9117056,-121.7578722
36.910782,-121.7582471
36.9108459,-121.7585462
36.9104428,-121.7589119
36.9108067,-121.7584128
36.9108439,-121.759523
36.9066949,-121.760102
36.8977311,-121.7760197
36.9310235,-121.8085037
36.9829445,-121.9244794
36.9837831,-121.964126
36.9785727,-121.9650792
36.9712791,-121.9650069
36.9692898,-121.9643716
36.9696313,-121.9644679
36.9734464,-121.9649384
36.9842533,-121.9645999
36.9856674,-121.9645082
36.9859469,-121.9635963
36.9854193,-121.9642184
36.9857653,-121.964759
36.9838286,-121.9647881
36.9826312,-121.9650483
36.9839677,-121.9504362
36.983783,-121.9315171
36.9750158,-121.900982
36.9630336,-121.865248
36.9239207,-121.7964721
36.9164462,-121.771325
36.910722,-121.7584313
36.9107318,-121.7583845
36.911024,-121.7581533
36.9110997,-121.7582388
36.9107826,-121.7583659
36.9107639,-121.7577391
36.9104415,-121.7586481
36.9112726,-121.7581351
36.9109545,-121.7581005
36.9106347,-121.7580697
36.9110358,-121.7583407
36.9107527,-121.7583628
36.9112046,-121.7588067
36.9058078,-121.7586214
36.8977298,-121.776142
36.9205498,-121.7909961
36.9728864,-121.8794793
36.9820055,-121.9188423
36.9832055,-121.9588102
36.9750673,-121.9660312
36.9699941,-121.9649771
36.9701347,-121.964893
36.9823844,-121.9628411
36.9831473,-121.9273835
36.9743301,-121.884068
36.9634607,-121.865723
36.91754,-121.7776207
36.9153771,-121.7649911
36.9108324,-121.7587491
36.9109224,-121.758272
36.9110871,-121.7582751
36.911086,-121.7582554
36.9110279,-121.7583431
36.9109228,-121.7582855
36.9108183,-121.7583685
36.9106122,-121.758503
36.9108327,-121.758362
36.9110832,-121.7583079
36.9106468,-121.7584758
36.9105317,-121.7585589
36.9104819,-121.7584497
36.910637,-121.7584709
36.9109984,-121.7582962
36.9107207,-121.7584114
36.9108823,-121.7583751
36.9109821,-121.7583898
36.910652,-121.7583997
36.910924,-121.759227
36.9083627,-121.7624556
36.903759,-121.7800146
36.9305906,-121.8071747
36.9723166,-121.87784
36.9755421,-121.8901366
36.9751253,-121.8980832
36.9877334,-121.9975766
36.9883845,-122.0232586
36.9860997,-122.0248819
36.9846463,-122.0294475
36.9719274,-122.0358419
36.9656879,-122.0411966
36.9590335,-122.0457222
36.9590524,-122.045537
36.9581805,-122.0456988
36.958853,-122.0456626
36.9575315,-122.0336108
36.9626979,-122.0239329
36.9691244,-122.0212563
36.9663108,-122.0123382
36.9702781,-121.9970523
36.9713848,-121.9862707
36.9701842,-121.9733938
36.969509,-121.9640403
36.9697972,-121.9648111
36.9785776,-121.965007
36.9846774,-121.9505899
36.9781372,-121.9106878
36.9537003,-121.8557237
36.9187075,-121.7850742
36.9163535,-121.7723628
36.9132728,-121.7598395
36.9110789,-121.7578077
36.9107401,-121.7581
36.9106522,-121.7587607
36.9108925,-121.7608334
36.9161272,-121.7665407
36.9159615,-121.7669886
36.9160325,-121.7676034
36.914169,-121.7606402
36.9102531,-121.7589261
36.9107599,-121.758612
36.910037,-121.7591397
36.910779,-121.7584812
36.9151339,-121.7627942
36.911904,-121.7587781
36.9104028,-121.7589846
36.906523,-121.7650336
36.9066143,-121.7650313
36.9078918,-121.7619522
36.9110158,-121.7577095
36.9108403,-121.7584348
36.9106957,-121.7581159
36.9106657,-121.7584893
36.9102322,-121.7596613
36.9103915,-121.7589978
36.9106454,-121.7584221
36.910945,-121.7581917
36.9108063,-121.758328
36.9107236,-121.7582572
36.9109324,-121.7582991
36.9095382,-121.7612904
36.9007348,-121.7738093
36.8875514,-121.7914797
36.8673614,-121.819232
36.8651592,-121.8196787
36.8654784,-121.81946
36.8675004,-121.8182233
36.8940994,-121.7826209
36.9054899,-121.7671214
36.9093687,-121.7580937
36.914322,-121.7606375
36.9164977,-121.771203
36.9157167,-121.7755342
36.915264,-121.7742167
36.915401,-121.7744484
36.9169871,-121.775057
36.9148436,-121.761072
36.9109007,-121.7580686
36.910611,-121.7582909
36.9110075,-121.7581805
36.9109833,-121.7583037
36.9108424,-121.7580633
36.9108929,-121.7582432
36.9106217,-121.7585552
36.9104269,-121.7600196
36.9031874,-121.7704502
36.8876819,-121.8047826
36.9365031,-121.8598162
36.9505579,-121.8673877
36.9600893,-121.885834
36.9743996,-121.9037102
36.9829217,-121.929884
36.9674929,-121.9631103
36.9723641,-121.9648248
36.9806604,-121.9646153
36.9821393,-121.9201399
36.9721293,-121.8777846
36.9336429,-121.8181006
36.9107776,-121.7581956
36.9105935,-121.7585989
36.9111375,-121.7583963
36.9110156,-121.7589883
36.9108014,-121.7584741
36.9077209,-121.7615897
36.8953555,-121.7736229
36.9227201,-121.7937614
36.9370138,-121.8277065
36.9581097,-121.8597444
36.9752895,-121.8930324
36.9833706,-121.9277082
36.9829619,-121.9675877
36.9884323,-122.0067577
36.9848913,-122.0286701
36.9783444,-122.0318416
36.9683237,-122.0382193
36.9741735,-122.050351
36.9815222,-122.0505912
36.9808205,-122.0515569
36.980557,-122.0512091
36.9991288,-122.0557145
37.0011332,-122.0640852
37.0008562,-122.0625166
36.9958012,-122.0635264
36.9773354,-122.0541805
36.97219,-122.0444473
36.9739662,-122.0372984
36.9768598,-122.0320895
36.9885842,-122.0210974
36.9827234,-121.9627995
36.9807647,-121.9157322
36.9731465,-121.8812582
36.9208795,-121.7926115
36.9115211,-121.7582558
36.9101697,-121.7590668
36.9085914,-121.762568
36.8990327,-121.7667805
36.9202325,-121.7904759
36.9519701,-121.8535678
36.9748468,-121.8856003
36.9830166,-121.9248831
36.9856076,-122.0257319
36.9759069,-122.0377765
36.973693,-122.0440879
36.9770367,-122.0525091
36.9814354,-122.0519821
36.982258,-122.0510637
36.9926676,-122.0551294
36.9981929,-122.055204
37.0006922,-122.0632185
37.0007549,-122.0624922
37.0008615,-122.0625031
36.9998177,-122.0621868
36.9993294,-122.0644877
36.9899094,-122.0671389
36.9810008,-122.0604599
36.9771354,-122.0537267
36.9803037,-122.0507674
36.9802383,-122.0508216
36.9812032,-122.0507497
36.975655,-122.0530785
36.9682852,-122.0429473
36.9695354,-122.0375357
36.9686483,-122.0297469
36.9689141,-122.0181446
36.9672755,-122.0077203
36.9639932,-121.9986061
36.962333,-121.9845613
36.9634537,-121.966758
36.9696576,-121.9640773
36.9671212,-121.963679
36.9719567,-121.9536891
36.9721962,-121.9506
36.9728657,-121.9507482
36.9728769,-121.9507116
36.9728877,-121.9507007
36.9725274,-121.9504342
36.9716349,-121.9503332
36.9717347,-121.9499704
36.9726071,-121.9505341
36.9827274,-121.9376719
36.9773878,-121.9096265
36.9577735,-121.8598152
36.9329076,-121.8160726
36.9184811,-121.7844038
36.9169985,-121.7746443
36.910781,-121.7582171
36.9110425,-121.7581823
36.9109667,-121.758342
36.9100658,-121.759109
36.9385784,-121.8582408
36.950314,-121.8670173
36.9541005,-121.8798422
36.9643487,-121.889679
36.9716915,-121.9012253
36.9728832,-121.9039024
36.9744757,-121.9084752
36.9794288,-121.9394277
36.9728804,-121.9509061
36.9712148,-121.9544251
36.9690054,-121.9648183
36.9696187,-121.9645429
36.9706152,-121.9648176
36.9797985,-121.9648121
36.9831537,-121.9268535
36.9750447,-121.8865253
36.9545683,-121.856567
36.9314953,-121.7880586
36.9138254,-121.7603755
36.9107147,-121.7582575
36.9107107,-121.7582671
36.9107525,-121.758295
36.9106608,-121.7583519
36.9105824,-121.758768
36.9089151,-121.7620057
36.8967476,-121.7700571
36.9337219,-121.8172396
36.9717153,-121.8764612
36.982427,-121.9195983
36.9830607,-121.9677291
36.9833355,-122.0314347
36.9636583,-122.0420091
36.9679451,-122.0428361
36.9752713,-122.0523485
36.9912162,-122.0663835
36.9992904,-122.0640227
37.0008808,-122.0629969
36.9999773,-122.0581747
36.9938339,-122.0556739
36.9819694,-122.0513068
36.974867,-122.0525084
36.9679035,-122.0423884
36.96659,-122.0405154
36.965509,-122.0412461
36.9636762,-122.0420223
36.9664674,-122.0403703
36.9723505,-122.0318589
36.9771736,-122.0262957
36.9814097,-122.0137576
36.9813824,-122.0060045
36.9790507,-121.9915513
36.9753734,-121.9783977
36.9736015,-121.965379
36.9697285,-121.9648322
36.9803108,-121.964859
36.9861849,-121.9635281
36.9857666,-121.9644856
36.9817249,-121.9650021
36.9825415,-121.9631279
36.9835193,-121.9543371
36.984019,-121.9400125
36.9754781,-121.8895647
36.960442,-121.8626116
36.9229518,-121.7944562
36.9181338,-121.7817354
36.9161415,-121.7681294
36.9204664,-121.7675469
36.9205166,-121.7675427
36.9175573,-121.7671364
36.9150009,-121.7615128
36.9108341,-121.7583038
36.9107053,-121.7584091
36.9108526,-121.7583064
36.9106332,-121.7585258
36.9108495,-121.7582844
36.909987,-121.7590328
36.9104856,-121.7604986
36.9158878,-121.7675349
36.9253865,-121.7703128
36.927386,-121.7684802
36.927425,-121.768425
36.9273382,-121.7680665
36.9271989,-121.7678251
36.9273052,-121.7676469
36.9274054,-121.7681108
36.9272497,-121.768132
36.9277258,-121.7679347
36.927903,-121.76798
36.9271412,-121.7680877
36.927501,-121.7683953
36.9398652,-121.7754097
36.9386631,-121.7763957
36.9337455,-121.7719476
36.9178032,-121.7601769
36.9150766,-121.7615012
36.910679,-121.758325
36.9108813,-121.7584046
36.9104937,-121.7600999
36.903321,-121.7702033
36.8679726,-121.8176344
36.8669582,-121.8192502
36.8664275,-121.8203487
36.8665122,-121.8200998
36.8664778,-121.8202006
36.8677259,-121.8180774
36.8754667,-121.8079672
36.896507,-121.7793638
36.9075443,-121.7619036
36.9104369,-121.7584147
36.9111064,-121.7582359
36.9108749,-121.758284
36.910959,-121.7583212
36.9109304,-121.7582875
36.910754,-121.7583123
36.9115903,-121.758249
36.9107626,-121.7586227
36.9108099,-121.7585692
36.9094237,-121.7582741
36.9121617,-121.7542461
36.9155355,-121.7531398
36.9213941,-121.7468423
36.9214373,-121.7467245
36.921333,-121.7467302
36.9198871,-121.7474005
36.9202516,-121.7475524
36.9229273,-121.7552836
36.927166,-121.7649602
36.9333691,-121.7711794
36.9352757,-121.7724933
36.9371864,-121.771596
36.9385073,-121.7777442
36.9369619,-121.7787811
36.9601622,-121.8620211
36.975243,-121.8928559
36.9837853,-121.9511395
36.9881903,-121.9981295
36.9832954,-122.022867
36.9770177,-122.0267042
36.9754298,-122.0277814
36.9752506,-122.0268139
36.9742863,-122.0262152
36.9735607,-122.0260686
36.9750233,-122.0263398
36.9755827,-122.0265826
36.9758535,-122.026013
36.9752049,-122.0264828
36.9745692,-122.0256371
36.9746044,-122.0256511
36.9746044,-122.0256511
36.9754404,-122.027403
36.9758476,-122.0278264
36.9767289,-122.0279173
36.9757152,-122.0270895
36.9770283,-122.0316884
36.9710091,-122.0364629
36.9605203,-122.0500644
36.9620842,-122.0868534
36.9704356,-122.121369
36.9843659,-122.148981
36.9857163,-122.1567925
36.9840176,-122.157284
36.9842025,-122.157961
36.9840203,-122.1568894
36.9682829,-122.114806
36.9617521,-122.0669589
36.9610269,-122.0574655
36.9620443,-122.0454365
36.9652973,-122.0414291
36.9684284,-122.0381197
36.9719412,-122.0303698
36.9736427,-122.0226731
36.976399,-122.0162216
36.9765929,-122.0161121
36.9791562,-122.0116391
36.9814667,-122.003116
36.9871957,-121.9670369
36.9861103,-121.9635777
36.9865927,-121.9638307
36.9851673,-121.9647069
36.9825865,-121.9636826
36.9836567,-121.9517829
36.9837912,-121.9328385
36.9818627,-121.918446
36.9751031,-121.9017202
36.9607977,-121.8631524
36.9376972,-121.8319418
36.9191564,-121.7873901
36.9108302,-121.7582149
36.9108225,-121.7582174
36.9108582,-121.7582372
36.9109745,-121.7581477
36.9109016,-121.7583693
36.9102798,-121.7586824
36.9107449,-121.7593664
36.9039696,-121.7695185
36.9061735,-121.8272472
36.9242546,-121.8443856
36.9368174,-121.8595849
36.9514934,-121.8686428
36.9549919,-121.8805076
36.965825,-121.8911016
36.9722966,-121.8993416
36.9746243,-121.9092799
36.9814824,-121.9178931
36.9823513,-121.9374387
36.9757606,-121.9498465
36.9687196,-121.9579279
36.9683245,-121.9648971
36.9696733,-121.9644792
36.9790898,-121.964905
36.9856239,-121.9643845
36.984193,-121.9648786
36.9838304,-121.9511778
36.9761867,-121.9073407
36.9697069,-121.872259
36.9185627,-121.7843746
36.9162066,-121.7694724
36.9106248,-121.7585273
36.9108255,-121.7581145
36.9108967,-121.7582312
36.9108128,-121.7582125
36.9101581,-121.758874
36.8988198,-121.7670209
36.9271299,-121.8012715
36.9756195,-121.888465
36.9805962,-121.9153709
36.9827983,-121.9617665
36.9880095,-121.9924632
36.9896609,-122.0215355
36.9851037,-122.0276237
36.9728536,-122.0351987
36.9631533,-122.0401619
36.9645402,-122.0421865
36.9661182,-122.0410849
36.9669486,-122.0406565
36.973296,-122.0485979
36.9957171,-122.0549617
36.9987058,-122.0549502
36.9991424,-122.0593042
36.9985762,-122.0599103
36.9985459,-122.0598898
36.9995046,-122.0605906
37.0007911,-122.0628704
37.0007755,-122.0628168
36.999963,-122.062304
36.9982071,-122.0609205
36.9971958,-122.0610007
36.9964948,-122.059124
36.9961453,-122.0591439
36.9963889,-122.0603448
36.9989078,-122.0612029
37.0006137,-122.0623607
37.0007186,-122.0624234
37.0005298,-122.0622518
37.0001837,-122.0580804
36.994827,-122.0550544
36.9819006,-122.0512698
36.975303,-122.0529007
36.9682706,-122.0435832
36.9669419,-122.0409533
36.9653213,-122.0413249
36.9636687,-122.0419514
36.9680367,-122.0383032
36.9686234,-122.0299857
36.9690966,-122.0253465
36.9665554,-122.012475
36.9670865,-122.0085868
36.9677844,-121.9979671
36.9711889,-121.9852597
36.9723748,-121.9648406
36.9778618,-121.964841
36.9828161,-121.9612525
36.9839053,-121.9491897
36.9824393,-121.9215374
36.9771137,-121.9085631
36.9679917,-121.8704208
36.9379298,-121.8326366
36.9209071,-121.7925666
36.9176079,-121.7781496
36.9153875,-121.7743492
36.9162484,-121.774709
36.9161488,-121.769384
36.9106881,-121.7584468
36.9108116,-121.7582563
36.9106393,-121.7581814
36.9111778,-121.7579132
36.9108653,-121.7582871
36.9108334,-121.7583441
36.9102264,-121.7599422
36.9012689,-121.7637733
36.9085141,-121.7829634
36.981023,-121.9162964
36.9832376,-121.9585632
36.9793108,-121.9648867
36.9711078,-121.964934
36.9694484,-121.9643638
36.9695784,-121.9647269
36.9799242,-121.9648061
36.9840286,-121.932168
36.9753828,-121.8927299
36.9323501,-121.814008
36.9181709,-121.7817435
36.9158697,-121.768066
36.9110834,-121.7590976
36.9111188,-121.7577403
36.9107819,-121.7580878
36.9108134,-121.7582507
36.9103181,-121.7589116
36.9052263,-121.7580515
36.9049212,-121.7806655
36.930447,-121.8070625
36.9722306,-121.8776997
36.9790274,-121.9123606
36.9840351,-121.9429519
36.9830818,-121.96284
36.9743045,-121.9649945
36.9734913,-121.9648279
36.9800799,-121.9649143
36.9858309,-121.9640784
36.985923,-121.9637415
36.9820406,-121.9646718
36.9839434,-121.940824
36.9744464,-121.8849826
36.918362,-121.7830817
36.9158353,-121.7679841
36.9104626,-121.758645
36.9107422,-121.7583313
36.9106832,-121.7583983
36.91084,-121.7581855
36.9107895,-121.7583443
36.9111096,-121.7583287
36.9107729,-121.7583212
36.9107161,-121.7583485
36.9111543,-121.7582262
36.9108089,-121.7583784
36.9108476,-121.7583334
36.9109016,-121.7583723
36.9107552,-121.7583309
36.9103434,-121.7589774
36.9102909,-121.7590102
36.9114303,-121.7553505
36.9177948,-121.7498845
36.9305025,-121.7443178
36.9477239,-121.7352172
36.9564176,-121.7271238
36.9751192,-121.7160657
36.9826507,-121.7160018
36.9932238,-121.7165167
37.0028494,-121.7091523
37.003025,-121.7090635
37.0027186,-121.7028586
37.0028015,-121.6993362
37.0052185,-121.6969318
37.0046704,-121.6992884
37.0051113,-121.6983628
37.0051376,-121.6986042
37.0071031,-121.702832
37.0067668,-121.7074049
36.9938665,-121.7168277
36.9840232,-121.715808
36.9756117,-121.7174168
36.9402034,-121.7412403
36.9386379,-121.754435
36.9408118,-121.7747243
36.9394967,-121.7761005
36.9370566,-121.7759938
36.931096,-121.7691078
36.9251443,-121.7636033
36.9152895,-121.7614636
36.9111455,-121.7580162
36.9100302,-121.7588396
36.8977219,-121.7781477
36.8928093,-121.8114039
36.925123,-121.8456327
36.9371914,-121.8593531
36.9508834,-121.8675099
36.9541039,-121.8795337
36.9600813,-121.8855113
36.9679616,-121.8931148
36.9702626,-121.8958527
36.9722006,-121.8994323
36.9739066,-121.9040472
36.9745402,-121.9118483
36.9822225,-121.9230366
36.979513,-121.9390864
36.9725107,-121.9648186
36.9782557,-121.9647241
36.9838814,-121.9482456
36.9353019,-121.8240812
36.9191934,-121.7880818
36.916731,-121.7725763
36.914539,-121.7610649
36.91072,-121.7585535
36.9107593,-121.758242
36.9104913,-121.7583665
36.9080677,-121.7610261
36.9176923,-121.7889159
36.9369752,-121.8277242
36.9597582,-121.8614841
36.9748611,-121.8997079
36.9840612,-121.9393515
36.9853804,-121.9790439
36.9906023,-122.0222945
36.9845911,-122.029567
36.9729434,-122.0351545
36.9682947,-122.0434133
36.9776367,-122.0561111
36.9901814,-122.0663828
36.997881,-122.0670318
36.9990521,-122.066175
37.0001198,-122.0631535
37.0009153,-122.0629183
37.0007456,-122.0628164
37.0003752,-122.0640429
37.0005459,-122.0629868
36.9991784,-122.0650236
36.9974024,-122.0668987
36.9928336,-122.0664148
36.9830663,-122.0632423
36.9680622,-122.0431878
36.963739,-122.0427578
36.9652901,-122.0416124
36.9684647,-122.0440789
36.9765156,-122.0534715
36.9900071,-122.0665444
36.9927325,-122.0649205
36.9988193,-122.0643716
37.0007304,-122.0625526
37.000856,-122.0624904
37.0001121,-122.0617947
36.9993999,-122.0616437
36.9993294,-122.0604443
36.9980291,-122.0592383
36.9977723,-122.0569115
36.9983492,-122.0557097
36.9980705,-122.0556258
36.9981197,-122.05674
36.9977947,-122.0589686
36.9977076,-122.0601941
36.9990046,-122.061275
37.0008401,-122.0625429
37.0001375,-122.0620434
36.9994594,-122.0645226
36.990326,-122.0665211
36.9797061,-122.0591158
36.9767037,-122.0537474
36.9702088,-122.0474877
36.966849,-122.0406419
36.9656769,-122.0410205
36.9638789,-122.0424589
36.964728,-122.0418031
36.9647248,-122.0417027
36.9682026,-122.0382391
36.9685117,-122.0306556
36.9691784,-122.0238692
36.9686278,-122.0159467
36.9669863,-122.0091308
36.9685314,-121.9978943
36.9714525,-121.9648533
36.9763443,-121.9648572
36.9859549,-121.9635923
36.9862086,-121.9635543
36.9854446,-121.9642099
36.9853248,-121.9645799
36.9839549,-121.9477078
36.9750408,-121.8945157
36.9227939,-121.7942879
36.9163628,-121.7709839
36.9117551,-121.7587229
36.9111954,-121.7579453
36.9107644,-121.7580995
36.9109293,-121.7581709
36.9108021,-121.7582026
36.9106745,-121.7582503
36.9102118,-121.7590542
36.9092428,-121.7581683
36.8959546,-121.7801095
36.9186537,-121.8350581
36.9352276,-121.8596003
36.9506,-121.8676007
36.9544818,-121.8796948
36.9663349,-121.8915637
36.9726202,-121.898131
36.9716897,-121.9001722
36.9726253,-121.9024754
36.9741869,-121.9039552
36.9743298,-121.9118699
36.9820737,-121.9219021
36.9837807,-121.9338826
36.9826802,-121.9373419
36.9763483,-121.9474489
36.9728572,-121.9525936
36.9679978,-121.961535
36.9694546,-121.9643073
36.9725908,-121.9647642
36.9789911,-121.9648418
36.9838774,-121.945588
36.975673,-121.905648
36.9639355,-121.8661488
36.9386899,-121.8349954
36.9216502,-121.7933681
36.9180785,-121.7812541
36.9149053,-121.7611841
36.9106681,-121.7584953
36.9107863,-121.7583461
36.9108939,-121.7582661
36.9107894,-121.7584673
36.9109462,-121.7583016
36.9107936,-121.7580777
36.9107222,-121.758603
36.9069903,-121.7605763
36.9186681,-121.7891982
36.9680945,-121.8704152
36.9811335,-121.9164529
36.9832957,-121.9571702
36.9882086,-121.9974136
36.9908741,-122.0225984
36.9799341,-122.0322233
36.9667956,-122.0401127
36.9633423,-122.041571
36.9638169,-122.0423764
36.9662566,-122.0408712
36.9668994,-122.0406519
36.9680216,-122.0427881
36.974074,-122.0504188
36.977808,-122.0563672
36.9899224,-122.0670152
36.9969016,-122.0636087
37.0000753,-122.0622398
36.9991252,-122.059319
36.9984134,-122.0609893
36.9999752,-122.0615704
37.0008446,-122.0625633
36.9995158,-122.0609709
36.9991017,-122.0608932
36.9996062,-122.0608358
37.0000532,-122.0615349
37.000292,-122.0618543
36.9999483,-122.0584327
36.994132,-122.0556289
36.9807969,-122.0532749
36.9695691,-122.0464971
36.966225,-122.0398021
36.9642647,-122.0422457
36.9637816,-122.0425594
36.9678058,-122.0422766
36.9773237,-122.0535162
36.981725,-122.0515939
36.9804099,-122.0508342
36.9801697,-122.0509621
36.9803347,-122.050774
36.9802269,-122.0506931
36.9820955,-122.0510388
36.9809529,-122.0511135
36.9742431,-122.050824
36.9671086,-122.0411914
36.968137,-122.0382296
36.9685556,-122.0341829
36.968423,-122.0315407
36.9688426,-122.0281388
36.9726836,-122.0196388
36.9750583,-122.0116612
36.9677371,-122.0055742
36.9696054,-121.9974615
36.971845,-121.9884635
36.9701908,-121.9737134
36.9697404,-121.9644846
36.9889254,-121.9743344
36.988405,-121.9750726
36.9844915,-121.9649509
36.9838376,-121.9493787
36.9762765,-121.9073216
36.975153,-121.8938353
36.9399889,-121.8373172
36.9186806,-121.7849883
36.9175288,-121.7774509
36.9155647,-121.7659741
36.9117495,-121.7587169
36.9109782,-121.7584718
36.910647,-121.7585472
36.9107338,-121.7582909
36.9108804,-121.7580863
36.9111497,-121.7582039
36.9109136,-121.7581517
36.9104111,-121.7587719
36.9650471,-121.8671657
36.9767397,-121.9073874
36.9840739,-121.9449107
36.9872263,-121.985406
36.988534,-122.0089444
36.9781591,-122.0319272
36.9665806,-122.0403837
36.964242,-122.0424962
36.9656251,-122.0413041
36.9680027,-122.0427831
36.9742178,-122.0504113
36.978715,-122.0577193
36.990614,-122.0662589
36.9941215,-122.0634948
36.9999506,-122.0620641
36.9973442,-122.0545402
36.9982457,-122.0544398
36.99883,-122.0552687
36.9987615,-122.0562462
36.9987453,-122.0562371
36.9985791,-122.056622
36.9989352,-122.0564959
36.9985406,-122.0559146
36.9980026,-122.0584225
36.9988158,-122.0605913
36.9997516,-122.0614499
36.999508,-122.0628257
36.9992952,-122.0642903
36.9879699,-122.0685349
36.9744944,-122.0512016
36.9681769,-122.0432462
36.9630041,-122.0410377
36.9604342,-122.0304536
36.9657009,-122.025178
36.9700544,-122.0220404
36.9686038,-122.0146074
36.9662842,-122.0117086
36.9672067,-122.0080912
36.9647397,-122.0010159
36.9658608,-121.9982126
36.9666386,-122.0013357
36.9655759,-122.0007581
36.9669501,-121.9981
36.9679866,-122.0042755
36.9649503,-122.0048953
36.9664055,-122.0035891
36.9671252,-122.0035797
36.9669932,-122.0015231
36.9617786,-122.0018468
36.9594297,-122.0027152
36.9568692,-122.0144132
36.9463069,-122.0248392
36.9409756,-122.0464496
36.943773,-122.0485951
36.9597489,-122.0171797
36.9455888,-121.9970179
36.9472548,-121.9918536
36.9491427,-121.9856648
36.9527685,-121.9907323
36.9571496,-122.0024809
36.9580599,-122.0028218
36.9647567,-122.0023111
36.9672551,-122.0032343
36.9669083,-122.0035673
36.9668407,-122.0036443
36.966883,-122.0037019
36.9647079,-122.0035254
36.9644571,-122.0033433
36.9646483,-122.0044842
36.9710402,-122.0080724
36.9783073,-122.0039815
36.9816082,-121.9988074
36.9883941,-121.9835877
36.9862208,-121.9635508
36.9855505,-121.964253
36.98337,-121.9552859
36.9750993,-121.8943849
36.9549813,-121.8569353
36.9196824,-121.7902296
36.9106591,-121.7585097
36.9103415,-121.7583908
36.9111205,-121.7578421
36.9108257,-121.7580665
36.9110162,-121.7587589
36.9110296,-121.7583587
36.9109766,-121.7583618
36.9109407,-121.7583201
36.9106675,-121.7585502
36.9105871,-121.7598441
36.9107805,-121.7583396
36.9160378,-121.7684745
36.916079,-121.7743484
36.9155153,-121.7735505
36.916307,-121.7735388
36.9164974,-121.7730581
36.9162992,-121.7737912
36.9163622,-121.7737723
36.9156975,-121.7752947
36.9185224,-121.7834678
36.9256999,-121.7983874
36.9355215,-121.8233941
36.9687942,-121.8709307
36.9717972,-121.8765347
36.978356,-121.9107938
36.9840153,-121.9477966
36.9838893,-121.9730369
36.9855935,-122.0258376
36.9770912,-122.0386744
36.9800704,-122.0538218
36.982697,-122.0499336
36.9986203,-122.054419
36.9999878,-122.0614528
36.9992294,-122.060954
36.9988672,-122.0612459
37.0000644,-122.0588384
37.0013862,-122.0586079
37.0014404,-122.0586775
37.0000472,-122.0583259
37.0001904,-122.0614626
36.998909,-122.0655595
36.997561,-122.0657631
36.998153,-122.0660641
36.9992394,-122.0646164
36.9997116,-122.0626415
36.9997792,-122.0588967
37.0007512,-122.0587861
37.0018157,-122.0585529
37.0015195,-122.0585605
37.0014887,-122.0583326
36.999977,-122.0564509
36.9980115,-122.0555908
36.998074,-122.0556465
36.9986076,-122.0553275
36.9999235,-122.056228
37.0004093,-122.0600481
37.0005138,-122.0618592
37.0003517,-122.0620275
37.000846,-122.0624888
37.0000892,-122.0609084
36.9814293,-122.0522541
36.977976,-122.0425403
36.9774952,-122.0353007
36.9762293,-122.0325878
36.985241,-122.0269886
36.9877546,-121.9912517
36.9852749,-121.9804077
36.9845395,-121.9753553
36.9817092,-121.9648338
36.9834394,-121.9535279
36.9837392,-121.9306714
36.9311405,-121.8099242
36.9186117,-121.7847457
36.9175622,-121.7772548
36.9164474,-121.7737221
36.9163893,-121.771197
36.9160071,-121.7685957
36.9104166,-121.7603487
36.9106369,-121.7588338
36.9106802,-121.7597897
36.9106737,-121.7588658
36.9104801,-121.7585178
36.9109033,-121.7582618
36.9108894,-121.7581902
36.9108484,-121.7583692
36.910956,-121.758315
36.9110492,-121.758313
36.9108895,-121.7582642
36.9109379,-121.7581566
36.9102714,-121.7588187
36.9090054,-121.7590141
36.8994519,-121.7753719
36.895675,-121.8153611
36.9180829,-121.8337687
36.9332436,-121.8605049
36.9463109,-121.8624458
36.9518451,-121.870062
36.9556646,-121.8811937
36.9678085,-121.8926427
36.9728485,-121.8983154
36.9747842,-121.9063974
36.9756665,-121.9117795
36.9837262,-121.9344286
36.9730585,-121.9648735
36.982293,-121.9636361
36.9811624,-121.9166473
36.9718488,-121.8771392
36.9369377,-121.8294516
36.9192693,-121.7875444
36.9175144,-121.7774382
36.9135126,-121.760303
36.9107796,-121.7582175
36.9108626,-121.7581757
36.9108225,-121.7580497
36.9108823,-121.7581511
36.9108917,-121.758149
36.9105496,-121.7585369
36.9106545,-121.7584209
36.9100135,-121.7594035
36.9053426,-121.7579777
36.9014501,-121.7785089
36.9252381,-121.7978426
36.9841319,-121.9463945
36.9855021,-121.9797969
36.9896958,-122.0211046
36.9846789,-122.0292295
36.9827377,-122.0317669
36.9671772,-122.039184
36.963586,-122.0423738
36.9644446,-122.0423453
36.9661104,-122.040875
36.9679203,-122.0425246
36.9749898,-122.0520171
36.9816772,-122.0518593
36.9880182,-122.0541642
36.9969623,-122.0553393
36.9986513,-122.0551564
36.9999361,-122.0579018
37.0000987,-122.0620737
36.9930136,-122.0644905
36.9915687,-122.0666109
36.9852297,-122.0668386
36.9751515,-122.052499
36.9687001,-122.0447026
36.9663981,-122.0406247
36.9645941,-122.0421783
36.9630766,-122.0411798
36.9604604,-122.0291845
36.9627233,-122.0237986
36.9698774,-122.0225744
36.9665783,-122.0109236
36.9676817,-121.9985074
36.9718815,-121.9886007
36.9754928,-121.9795135
36.9715142,-121.9650217
36.9821109,-121.9655039
36.9834256,-121.9539046
36.9837295,-121.9330104
36.9776772,-121.9100767
36.975124,-121.8915824
36.9609945,-121.8631773
36.9380961,-121.833246
36.9294195,-121.8054284
36.9173716,-121.7759796
36.9153413,-121.7652005
36.9113963,-121.7586128
36.9108178,-121.7582429
36.9112544,-121.7583129
36.911904,-121.7587175
36.9111018,-121.7579553
36.9109849,-121.7582581
36.9108565,-121.7582329
36.9108525,-121.7582197
36.9102876,-121.7589123
36.9094071,-121.7581195
36.905467,-121.7577482
36.920239,-121.7906241
36.977211,-121.908223
36.9835604,-121.954848
36.9785451,-121.9649148
36.9692595,-121.9649409
36.9696359,-121.9645395
36.9720871,-121.9647926
36.9790623,-121.9649265
36.9837498,-121.9536427
36.9796699,-121.9138106
36.9676245,-121.8697617
36.9375566,-121.8309927
36.9263194,-121.800166
36.916306,-121.7711944
36.9101208,-121.7593608
36.9109762,-121.7585501
36.9108949,-121.7584247
36.9109134,-121.7581848
36.9099984,-121.7593757
36.9036209,-121.7603384
36.9337046,-121.8176784
36.9690007,-121.8712365
36.9791477,-121.9123886
36.9832637,-121.9588702
36.9813951,-121.9647098
36.9772618,-121.9651637
36.9692941,-121.9650263
36.9694607,-121.9646833
36.9706199,-121.9648518
36.9780075,-121.9648174
36.9799614,-121.9647932
36.9830608,-121.9584173
36.9838761,-121.9406968
36.9757475,-121.9059914
36.950242,-121.8521133
36.9332914,-121.8171788
36.9187744,-121.7843755
36.9166558,-121.7727965
36.9121672,-121.7589421
36.907653,-121.7541817
36.9120635,-121.7467618
36.9178712,-121.7498664
36.9311811,-121.7440962
36.9361651,-121.7448762
36.9360588,-121.744373
36.9360039,-121.7443828
36.9360621,-121.7445043
36.9361672,-121.744828
36.9359852,-121.7445308
36.9361107,-121.7443962
36.9360601,-121.7443853
36.936176,-121.7442838
36.9228344,-121.7468519
36.9137608,-121.7554351
36.9108732,-121.7582666
36.9107643,-121.758399
36.910953,-121.7581556
36.9108097,-121.7583178
36.9108337,-121.7582223
36.9107845,-121.7582391
36.9108099,-121.7582206
36.9109129,-121.7581005
36.9109137,-121.7581362
36.9106088,-121.7583353
36.9108652,-121.7582334
36.9108484,-121.7581841
36.9107814,-121.7581785
36.9108051,-121.7583032
36.9110532,-121.7580974
36.9102636,-121.7588791
36.9079683,-121.7615
36.9054898,-121.7809805
36.9655686,-121.8675473
36.9840705,-121.938169
36.9883173,-121.9965867
37.1039267,-121.9755882
37.1619865,-121.9899685
37.2288553,-121.9735924
37.340595,-122.0887235
37.3888086,-122.159555
37.477123,-122.2991966
37.5381461,-122.364296
37.6186624,-122.4245913
37.7019548,-122.4714824
37.7263963,-122.4746873
37.7361034,-122.4752128
37.7607379,-122.4768849
37.7724908,-122.4754712
37.7811206,-122.4723064
37.7982512,-122.4695656
37.8673494,-122.5070988
37.9242195,-122.5135865
37.9598875,-122.5094682
38.0718284,-122.5396846
38.1018797,-122.5157368
38.2068927,-122.4521919
38.2372775,-122.4581581
38.2463216,-122.4163496
38.2554066,-122.343051
38.2585274,-122.3066512
38.2782455,-122.2995593
38.2810721,-122.2755712
38.2809817,-122.2755661
38.280959,-122.2789463
38.2799774,-122.2925081
38.2764509,-122.2970457
38.2763809,-122.2970106
38.2761514,-122.2945893
38.2815297,-122.2891441
38.2711213,-122.2722219
38.2422665,-122.2690184
38.2232185,-122.2582224
38.2088308,-122.1937732
38.2406941,-122.09062
38.2870102,-121.9753261
38.2937844,-121.9696286
38.2940677,-121.9698036
38.2930007,-121.9704285
38.2821147,-121.9697778
38.2712524,-121.991999
38.2728923,-122.0239362
38.2731829,-122.0465453
38.2522844,-122.068096
38.2314456,-122.1123722
38.2219844,-122.1260822
38.2218802,-122.1260474
38.2220268,-122.1262209
38.2185246,-122.1394258
38.208991,-122.1955126
38.2333399,-122.2597372
38.2394479,-122.26682
38.281978,-122.2957467
38.2760967,-122.2968223
38.2763422,-122.2927819
38.2797579,-122.2744736
38.2523165,-122.2712288
38.2423094,-122.268903
38.2216508,-122.2479665
38.2371919,-122.0981005
38.2492773,-122.0663581
38.2496307,-122.0564771
38.2494173,-122.0645701
38.2729501,-122.0445833
38.2726867,-122.0160733
38.2724522,-121.9723855
38.2925163,-121.9692429
38.2870557,-121.9822783
38.2891687,-122.0110827
38.2929354,-122.0308591
38.2975186,-122.0339905
38.2344094,-122.1051519
38.2115577,-122.1466743
38.2091373,-122.1972445
38.2242573,-122.2580344
38.272662,-122.2985839
38.2759371,-122.2963647
38.2761336,-122.297006
38.2761699,-122.2971718
38.2763367,-122.2969612
38.2820217,-122.2969258
38.2584289,-122.3023636
38.2488978,-122.300891
38.2387207,-122.2658938
38.2194458,-122.2576527
38.1927466,-122.2559301
38.1788893,-122.2548051
38.1654405,-122.2523719
38.1572578,-122.2387263
38.1412342,-122.2295256
38.1237235,-122.2298401
38.0956956,-122.2299854
38.0852784,-122.2080131
38.0673277,-122.1773597
38.0501286,-122.1387829
38.0243757,-122.1094004
37.9980922,-122.0742448
37.9615528,-122.053587
37.9237322,-122.0610607
37.89323,-122.0658084
37.8615218,-122.0334791
37.833124,-122.0064712
37.8020481,-121.9889402
37.7647303,-121.968667
37.7266826,-121.9426895
37.6947889,-121.9203708
37.6794896,-121.9143935
37.6492977,-121.8938946
37.6178509,-121.8782286
37.5804321,-121.8753478
37.5572031,-121.9145412
37.5267776,-121.946639
37.495265,-121.9230748
37.4582148,-121.8988548
37.4230988,-121.8830355
37.3913103,-121.8704588
37.3638223,-121.843752
37.3385967,-121.8520836
37.3124251,-121.8258022
37.2789471,-121.8067486
37.2467851,-121.7777461
37.2226503,-121.7376995
37.1961734,-121.701305
37.1645662,-121.6653469
37.1335413,-121.6348893
37.1029173,-121.6095474
37.0658599,-121.5875844
37.028939,-121.5703823
36.9904883,-121.5578882
36.9541562,-121.5521269
36.917632,-121.5479419
36.8809443,-121.5626019
36.8594084,-121.5954757
36.85886,-121.6299189
36.8626248,-121.662319
36.8847472,-121.6629985
36.9015865,-121.694904
36.9042519,-121.7342347
36.9077698,-121.7540433
36.9106723,-121.7584932
36.9108259,-121.7582035
36.9108568,-121.7581826
36.9109198,-121.7582941
36.9108785,-121.7582585
36.9108936,-121.7582093
36.910881,-121.7581793
36.910922,-121.7581954
36.910833,-121.7581294
36.9108641,-121.7582364
36.9109595,-121.7582129
36.9108847,-121.7582044
36.9109052,-121.7582061
36.910891,-121.7582252
36.9108557,-121.7582156
36.9108804,-121.7581948
36.910842,-121.7582372
36.9108836,-121.7581944
36.9111543,-121.7584411
36.910399,-121.758832
36.8948544,-121.7803543
36.9252544,-121.8454719
36.938708,-121.8582206
36.9507459,-121.8657983
36.9562661,-121.8818839
36.9660767,-121.8914562
36.9711936,-121.895959
36.9736669,-121.9037699
36.9744023,-121.9122365
36.9823689,-121.923263
36.9671581,-121.9632309
36.9697551,-121.9644522
36.9696271,-121.9645838
36.970189,-121.9661483
36.9707965,-121.9828102
36.9702596,-121.9971469
36.9673694,-122.0075072
36.9688604,-122.019149
36.9695134,-122.0232716
36.9684483,-122.0325566
36.9665105,-122.0405025
36.9636084,-122.042402
36.9652549,-122.0416937
36.9668738,-122.040949
36.9679987,-122.0426439
36.9817388,-122.0517286
36.999953,-122.0582905
37.000852,-122.0624726
36.9992612,-122.0612707
36.9999129,-122.0617738
36.9924177,-122.0646349
36.9878475,-122.0687665
36.9799272,-122.0590568
36.9755305,-122.0530358
36.968214,-122.0435401
36.9667972,-122.0407868
36.9643723,-122.0421598
36.9636021,-122.0421447
36.964123,-122.0353455
36.968602,-122.0303918
36.9694757,-122.0231715
36.9666826,-122.0106797
36.9698232,-121.9973899
36.9711214,-121.9850251
36.9701981,-121.9671914
36.9754054,-121.9648967
36.9856153,-121.9639734
36.9859558,-121.9635485
36.9861583,-121.9634624
36.9857351,-121.9637489
36.9853271,-121.9646433
36.9836972,-121.9514353
36.9794464,-121.913456
36.9676051,-121.8701106
36.9330709,-121.8167894
36.9188691,-121.7859617
36.917798,-121.7793715
36.9160859,-121.7689319
36.9101061,-121.7600604
36.9107911,-121.7581969
36.9108105,-121.7581817
36.9108452,-121.7582437
36.9108485,-121.7581332
36.9108512,-121.7582263
36.9108512,-121.7582263
36.9108512,-121.7582263
36.9108512,-121.7582263
36.9108512,-121.7582263
36.9108826,-121.7583038
36.9109317,-121.7582862
36.9107908,-121.7581655
36.9109216,-121.7582577
36.9105675,-121.7583135
36.9118669,-121.7623393
36.9165465,-121.7713319
36.9160794,-121.773731
36.9162418,-121.7737702
36.9155437,-121.774415
36.9186927,-121.783191
36.9237169,-121.7953576
36.9687285,-121.8707238
36.973767,-121.8823146
36.9785506,-121.9112149
36.9839526,-121.9528726
36.9882805,-121.9953066
36.9846263,-122.0293815
36.9772582,-122.0362372
36.9777579,-122.0536237
36.9823867,-122.0503441
36.9988672,-122.0548971
37.000838,-122.0625178
37.0008203,-122.0624912
37.0001705,-122.0631938
36.9986702,-122.065603
36.997553,-122.0657828
36.9975502,-122.0657798
36.99842,-122.0659836
36.9996566,-122.0636979
37.0008486,-122.0627554
37.0008388,-122.0625256
37.0001951,-122.0615106
36.983064,-122.049407
36.977678,-122.0492131
36.9770904,-122.0373766
36.977525,-122.0354555
36.9755931,-122.0338257
36.9848702,-122.0281862
36.9880848,-121.9943131
36.9870059,-121.985999
36.9865235,-121.9841638
36.9852891,-121.9791151
36.9829307,-121.9695996
36.9827475,-121.9618422
36.9839407,-121.9470393
36.9838188,-121.9322664
36.9753008,-121.8904348
36.9604713,-121.8625628
36.9223894,-121.7934059
36.9176629,-121.7784852
36.9157313,-121.7734186
36.9164552,-121.7713989
36.9159257,-121.7678651
36.9151074,-121.7643936
36.9149894,-121.7619151
36.9131213,-121.7598566
36.9114882,-121.7586301
36.9107922,-121.7582396
36.9107658,-121.7581634
36.9107572,-121.7582468
36.9107886,-121.758211
36.9107697,-121.7582208
36.911294,-121.7578539
36.9108485,-121.7582376
36.91148,-121.7621037
36.9160228,-121.7683607
36.9168119,-121.7753825
36.9163786,-121.7738942
36.915593,-121.7747486
36.9174731,-121.7766619
36.9294109,-121.8054161
36.9494908,-121.8505128
36.9584425,-121.8602587
36.9700822,-121.8725869
36.9745571,-121.8843362
36.9770284,-121.9084239
36.983114,-121.9693673
36.9893673,-122.0195212
36.9763773,-122.0326913
36.9779583,-122.0443133
36.9806003,-122.0523581
36.9807437,-122.0524997
36.9985405,-122.0524471
37.0002018,-122.0622288
37.0008685,-122.0624915
37.0008675,-122.0625109
37.0007614,-122.0623134
37.0001275,-122.0627321
36.9991913,-122.062199
36.9973203,-122.0625327
36.9945387,-122.0612634
36.995996,-122.061039
36.9938019,-122.0611985
36.9936011,-122.0609279
36.9945049,-122.0612996
36.9964346,-122.0616706
36.9978995,-122.0622513
36.9992964,-122.0619989
37.0008382,-122.0625202
37.0008374,-122.0625204
37.0008381,-122.0625526
37.0008602,-122.062465
37.0002897,-122.0608038
36.9986908,-122.0530424
36.9828875,-122.0495498
36.9779979,-122.0450042
36.975456,-122.0343155
36.9841943,-122.0300929
36.9871143,-122.0227793
36.9880892,-121.9959925
36.9874412,-121.9901908
36.987147,-121.9868413
36.9848793,-121.9777364
36.9837346,-121.9731087
36.9829662,-121.9691906
36.9824813,-121.9650978
36.9829055,-121.9594807
36.9838857,-121.9483716
36.9838827,-121.9384988
36.9838701,-121.9324359
36.9820799,-121.9196036
36.9769716,-121.908795
36.9752431,-121.8926082
36.9602624,-121.8624825
36.932281,-121.813122
36.9188166,-121.7853085
36.9175002,-121.7774249
36.916002,-121.773913
36.9161164,-121.7747248
36.9161224,-121.7692411
36.9107664,-121.7610646
36.9107023,-121.7583811
36.9110458,-121.7581419
36.9108314,-121.7583936
36.9108503,-121.7582663
36.9106652,-121.7582732
36.9124855,-121.7633908
36.9170624,-121.7752332
36.9161883,-121.773604
36.9162487,-121.7737198
36.9157897,-121.7755612
36.9186288,-121.7832477
36.9403097,-121.836873
36.9658635,-121.8677307
36.973918,-121.8825083
36.9752266,-121.9022937
36.9824434,-121.92096
36.9829391,-121.9671847
36.98942,-122.018549
36.9773192,-122.0498179
36.9971634,-122.0506767
37.0008441,-122.0624117
37.0006775,-122.0624037
37.0008484,-122.0625131
37.0004435,-122.0627859
36.9993042,-122.0641579
36.9975854,-122.0657512
36.9975917,-122.0657548
36.9986287,-122.0656658
36.9993836,-122.0639316
37.0001832,-122.0613035
37.0002851,-122.0587117
37.0016345,-122.0586203
37.0016171,-122.0586255
37.0008461,-122.0588354
37.0011871,-122.0587275
37.000753,-122.0628735
37.0008342,-122.0624964
37.0008551,-122.0624776
37.0000988,-122.0618028
36.9989436,-122.0552874
36.983576,-122.0487441
36.9774399,-122.0537064
36.977688,-122.0427805
36.9773874,-122.0363006
36.9767398,-122.0351394
36.9762605,-122.0326274
36.9859143,-122.0247649
36.9881942,-121.9971095
36.9879859,-121.993751
36.9875571,-121.9883176
36.9869087,-121.9861098
36.9867077,-121.9844031
36.9861943,-121.9827539
36.9833353,-121.9720336
36.9827592,-121.9674425
36.9825908,-121.9629253
36.9832284,-121.9544547
36.983991,-121.9468328
36.9839467,-121.9318439
36.9717185,-121.8775882
36.9486033,-121.8500995
36.9203809,-121.7920908
36.9174774,-121.7773599
36.9164296,-121.7735587
36.916218,-121.7695505
36.9108293,-121.7605956
36.9102587,-121.7592148
36.9110614,-121.7581564
36.9108998,-121.7582961
36.9108654,-121.7582632
36.9108856,-121.7583182
36.9106737,-121.7582495
36.9110186,-121.7581301
36.910446,-121.756892
36.9108937,-121.7577327
36.9108021,-121.7581969
36.9108541,-121.7582978
36.9108309,-121.7582831
36.9096571,-121.7583809
36.8974744,-121.7784131
36.8878467,-121.8038898
36.9263955,-121.847586
36.9426093,-121.8601346
36.9519627,-121.8719823
36.9590759,-121.8844444
36.9686311,-121.8938818
36.9730686,-121.9033361
36.9744992,-121.9091854
36.9826569,-121.9248955
36.9784089,-121.9406745
36.9728021,-121.9524339
36.9672911,-121.963146
36.9694836,-121.9644685
36.9693458,-121.9643132
36.9699609,-121.96492
36.9788181,-121.9648554
36.9838206,-121.937531
36.9747158,-121.8992027
36.9480071,-121.8493264
36.9200661,-121.7914623
36.916857,-121.7744822
36.9103641,-121.7604929
36.9109794,-121.7581948
36.9107438,-121.7582701
36.9100725,-121.7594493
36.9031611,-121.761056
36.9251226,-121.7977026
36.939962,-121.8355704
36.9673708,-121.8691429
36.9782095,-121.9107952
36.9838523,-121.9511213
36.9878964,-121.991506
36.9817628,-122.0325296
36.9721062,-122.035716
36.9636146,-122.0421805
36.9643448,-122.042543
36.9667002,-122.0404543
36.9669087,-122.040619
36.9692151,-122.0457732
36.9778741,-122.0536843
36.9919341,-122.0551586
37.0008206,-122.0626013
37.0008412,-122.0624628
37.0008631,-122.0624883
37.0000136,-122.063127
36.9991929,-122.0622967
36.9978871,-122.0627696
36.9971767,-122.0623847
36.9953235,-122.0613344
36.9944971,-122.0620766
36.9942016,-122.0618759
36.9947606,-122.061989
36.9963541,-122.061765
36.9985278,-122.0623902
36.9998363,-122.0630087
37.000866,-122.0624648
